query1,160,5534,5694
query2,93,10628,10721
query3,443,9543,9986
query4,93,10909,11002
query5,134,10371,10505
query6,9,1164,1173
query7,171,5437,5608
query1,99,5803,5902
query2,93,12415,12508
query3,203,11069,11272
query4,81,11595,11676
query5,89,11682,11771
query6,9,897,906
query7,167,6128,6295
query1,86,5353,5439
query2,78,11068,11146
query3,80,10504,10584
query4,78,11452,11530
query5,101,11135,11236
query6,9,1151,1160
query7,213,5749,5962
query1,81,5594,5675
query2,83,10731,10814
query3,31,10321,10352
query4,81,11759,11840
query5,88,10821,10909
query6,8,914,922
query7,173,5619,5792
query1,80,5805,5885
query2,78,12127,12205
query3,9,11348,11357
query4,78,12325,12403
query5,149,11819,11968
query6,9,1428,1437
query7,222,6537,6759
